1



3



5



7



9



11



12
13



15

16
17



19



21



23

24
25



27



29

30
31



33



35

36
37



39

40
41

42
43



45



46
47
48
49
50

51
52

53
54



56
58



59
60



61
62



63

64
65



66
67



68
69

70

71
73



75



76
77

78
79



81



82
83

84
85



87



88
89



90
91



93



94
95

96
97



99



100
101

102
103



105



106
107

108
109



111



113
115



116
117



118
119



120

121
122



123
124



125
126

127

128
130



132



133
134

135
136



138



139
140

141
142



144



145
146

147
148



150



151
152

153
154



156



157
158

159
160



162



163
164

165
166



168



169
170

171
172



174



175
176



177
178



180



182
184



185
186



187
188



189

190
191



192
193



194
195

196

197
199



201



202
203



204

205
206



207
208



209
210



211
212

213
214
215

217



218
219

220
221



223



224
225

226
227



229



230
231

232
233



235



236
237

238
239



241



242
243

244
245



247



248
249



250
251



253



254
255



256

257
258



259
260



261
262



263
264

265
266
267

269



270
271

272
273



275



276
277

278
279



281



282
283

284
285



287



288
289



290
291



293



295
297

298
299

300
301

302
303
304
305
306
307

308
309

310
311
312
313
314
315
316
317
318
319



320
321

322

323
325



327
329

330
332



334

335
336

337
338



340



341
342

343
345



346
347

348
349



350
352



353
354

355
357



358
359

360
361



362
364



365
366

367
368



369
371



372
373

374
375



376
378



379
380

381
382



383
385



386
387

388
390



391
392

393
394



395
397



398
399

400
401



402
404



405
406

407
408



409
411

412
413



415



416
417

418
419

420
421

422
423



425



426
427

428
429

430
431

432
433



435



436
437

438
439

440
441

442
443



445



446
447

448
449

450
451

452
453



455



456
457

458
459

460
461

462
463



465



466
467

468
469

470
471

472
473



475



477



478
480

481
483



485



486
487

488
489



491



492
493
494
495
496

497
498

499
500



502



503
504

505
506



508



509
510
511
512
513

514
515

516
517



519



520
521

522
523



525



526
527

528
529



531



532
533

534
535



537



538
539

540
541



543



544
545

546
547



549



551



552
554

555
557



559



560
561

562
563



565



566
567

568
569



571



572
573

574
575



577



578
579

580
581



583



584
585

586
587



589



590
591

592
593



595



596
597

598
599



601



602
603

604
605



607



609



610
612

613
614
615
617



618
619
620

621
622
623

624
625
626

628



629
630

631
633

634
635

636
637

638
639

640
641

642
643

644
645
646
647
648
649
650
651
652



653
654
655

656
657



659



660
661



662
664



665
666

667
668

669
670

671
672

673
674



676

677
678
680



681
683

684
685
686
688



689
690
691

692
693
694

695
696
697

699



700
701

702
704

705
706

707
708

709
710
711
712
713
714



715
716
717

718
719



721



722
723



724
726



727
728

729
730

731
732

733
734

735
736



738

739
740
742



743
745

746
747
749



750
751

752
754



755
756

757
759



760
761

762
764



765
766

767
769



770
771

772
774



775
776

777
779



780
781



782
784



785
786

787
788



790



791
792

793
794

795
796

797
798



800



801
803

804
806

807
808

809
810



812

813
814

815
816
817
818
819
820

821
822

823
824
825
826
827
828
829
830
831
832



833
834

835
836

838

839
840

841
842
843



844

846

847
848

849
850



852



853
854



855

857

858
859

860
861



862

864

865
866

867
868
869



871

872
873



875

876
877
878
879
880

881
882

883
884
885
886
887
888

889
890

891
892
893
894
895
896
897
898
899
900
901



902
903



905



906
907

908
909



911



912
913

914
915



917



918
919

920
921



923



924
925

926
927



929



931



932
934



935
936



937
938

940

941
942



944

945
