1



3



5



7



8
9



11

12
13



15



16
17

18
19



21



22
23

24
25



27



28
29

30
31



33



34
35

36
37



39



41

42
43



45



47
49

50
52



53
54

55
57



58
59

60
61



62
64



65
66

67
69



70
71

72
73



74
76



77
78

79
80



81
83



84
85

86
87



88
90



91
92

93
94



95
97



98
99

100
101

102
103

104
105



107



108
109

110
111

112
113

114
115



117



118
119

120
121

122
123

124
125



127



128
129

130
131

132
133

134
135



137



138
139

140
141

142
143

144
145



147



148
150

151
152
153
154
156



157
158

159
160

161
162
163
164
165
166

167
168

169
170
171
172
173
174
175
176
177
178



179
181



182
183
184

185
186
187



188
189
190

192



193
194

195
197



198
199

200
202

203
204

205
206



208



209
210



211
213



214
215



216
217



218
219
220



222

223
224
226



227
