1



3



5



6
7



9

10
11



13



15



17

18
19



21



23
25



26
27



28
29



30
31

32
33

34
35



36
37

38
39
40

41

42
44



46



47
48

49
50



52



53
54

55
56



58



59
60

61
62



64



65
66

67
68



70



72
74

75
77



79



80
81

82
84



85
86

87
88



89
91



92
93

94
95



96
98



99
100

101
102



103
105



106
107

108
109



110
112



113
114

115
116



117
119



120
121

122
124



125
126

127
128



129
131



132
133

134
135



136
138



139
140

141
142



143
145



146
147

148
149

150
151

152
153



155



156
157

158
159

160
161

162
163



165



166
167

168
169

170
171

172
173



175



177



178
180

181
183



184
185

186
188



190



191
192

193
194

196



197
198

199
200

201
202

203
204



206



207
208
209
210
211

212
213

214
215



217



218
219

220
221

223



224
225

226
227

228
229

230
231



233



235



236
238



239
240



241
242

244

245
246



248

249
251

252
253
255



256
257

259

261



262
263

264
266



267
268

269
270
271

272

273
275



276
277

278
279

280

281
282
283

284

285
287

288

289
290
291

292

293
295



296
297

298
299

300

301
302
303

304

305
307



308
309

310
311

312
314



315
316

317
318

319
320



321
322

323
324



325
326

327
328



329
330

331
332



333
334

336



337
338



339
340



342



343
345

346
348

349
350



352



353
